60

4 270 340 360 340 360 365 270 365

4 380 340 470 340 470 365 380 365

4 270 375 360 375 360 400 270 400

4 380 375 470 375 470 400 380 400

4 290 400 335 400 335 415 290 415

4 290 400 335 400 335 415 290 415

4 205 160 260 160 260 181 205 181

4 275 189 310 189 310 224 275 224

4 316 159 356 159 356 224 316 224

4 383 164 443 164 443 224 383 224

4 450 163 490 163 490 224 450 224

4 500 177 540 177 540 195 500 195

4 215 190 270 190 270 200 215 200

4 205 203 260 203 260 213 205 213

4 190 218 215 218 215 198 190 198

4 220 227 250 227 250 246 220 246

4 505 200 520 200 520 240 505 240

4 200 250 250 250 250 269 200 269

4 260 256 300 256 300 281 260 281

4 320 250 360 250 360 280 320 280

4 383 260 443 260 443 280 383 280

4 445 252 475 252 475 312 445 312

4 490 243 540 243 540 261 490 261

4 200 273 250 273 250 310 200 310

4 260 293 300 293 300 318 260 318

4 320 295 360 295 360 325 320 325

4 382 295 442 295 442 315 382 315

4 490 270 540 270 540 295 490 295

4 490 300 540 300 540 325 490 325

4 445 312 475 312 475 337 445 337

4 425 317 445 317 445 337 425 337

4 200 315 225 315 225 330 200 330

4 200 332 225 332 225 347 200 347

4 235 332 250 332 250 347 235 347

4 482 331 532 331 532 349 482 349

4 500 356 535 356 535 374 500 374

4 475 376 505 376 505 401 475 401

4 215 357 250 357 250 394 215 394

4 235 395 260 395 260 410 235 410

4 188 387 208 387 208 397 188 397

4 450 410 540 410 540 440 450 440

4 400 430 440 430 440 450 400 450

4 320 430 360 430 360 450 320 450

4 226 430 286 430 286 490 226 490

4 193 490 223 490 223 510 193 510

4 203 520 218 520 218 560 203 560

4 226 496 286 496 286 546 226 546

4 289 510 329 510 329 540 289 540

4 320 460 355 460 355 510 320 510

4 270 554 340 554 340 590 270 590

4 340 600 360 600 360 610 340 610

4 370 600 390 600 390 610 370 610

4 400 554 470 554 470 590 400 590

4 495 515 545 515 545 545 495 545

4 450 515 492 515 492 545 450 545

4 419 516 439 516 439 536 419 536

4 380 460 430 460 430 510 380 510

4 440 492 470 492 470 512 440 512

4 440 460 490 460 490 490 440 490

4 495 460 545 460 545 490 495 490